215
382
335
153
80
222
395
26
258
211
85
219
89
181
3
81
273
286
57
37
235
462
267
13
433
393
204
313
181
170
45
144
412
470
82
445
172
5
152
188
256
194
86
293
87
418
205
359
290
479
280
399
410
343
89
368
361
480
396
300
454
164
144
483
281
333
148
172
280
183
315
477
498
465
185
182
411
19
132
392
143
455
86
68
27
449
489
200
218
32
463
42
484
372
355
35
303
441
329
306
108
161
138
314
328
11
49
23
337
320
68
198
23
407
281
269
431
474
82
438
334
154
463
83
67
362
338
311
190
159
21
364
278
94
65
459
139
71
95
4
321
110
142
55
492
455
203
243
170
343
368
386
251
371
405
388
473
271
52
19
207
87
120
134
422
121
140
373
228
256
415
384
118
146
269
152
379
49
179
36
139
3
198
165
141
320
230
411
131
390
258
271
121
34
33
24
396
229
46
220
277
304
333
113
34
298
217
360
287
6
112
413
364
347
373
257
348
59
432
295
438
358
153
424
279
110
331
40
120
232
261
475
458
455
74
104
291
312
297
137
229
160
184
398
402
264
371
193
57
6
296
189
194
499
118
40
305
448
15
389
47
386
346
173
166
447
69
104
31
201
181
45
395
149
188
438
372
311
190
356
87
5
258
193
160
271
103
472
424
43
413
209
247
120
359
277
376
147
381
212
429
265
348
404
35
321
490
195
103
5
328
408
312
10
395
435
241
349
128
74
414
225
199
412
129
399
382
166
120
301
258
5
448
225
142
63
474
263
108
457
414
253
371
350
198
398
41
259
298
322
414
40
182
254
36
173
275
206
191
255
94
405
306
301
205
498
474
301
248
460
420
182
20
394
228
200
481
411
26
52
79
27
137
363
457
37
350
23
411
154
36
239
393
209
290
42
470
81
129
349
364
77
499
156
56
372
470
296
453
215
34
186
280
1
306
426
124
472
224
77
495
220
53
462
361
344
64
298
287
69
218
41
193
364
66
290
229
38
305
231
381
90
100
90
230
59
272
206
165
419
414
393
430
106
300
402
77
66
120
406
220
299
236
84
476
189
76
28
99
65
182
404
56
242
218
447
198
500
349
118
240
294
1
439
408
221
418
298
458
141
263
225
225
111
259
463
464
195
424
392
482
500
6
202
454
242
80
12
326
431
78
470
384
287
155
205
374
293
415
387
491
336
416
19
148
245
260
460
182
81
281
142
475
439
490
304
37
88
444
61
192
225
99
55
331
208
31
420
115
106
79
275
87
52
43
466
345
351
50
305
312
9
44
70
109
315
130
115
163
394
118
460
491
98
160
359
465
453
293
415
479
354
12
426
67
68
200
294
426
137
344
448
209
134
426
410
130
331
300
315
139
200
78
360
345
312
245
398
396
102
255
89
208
131
290
283
263
423
214
35
134
127
456
461
36
265
160
380
399
1
475
43
380
417
200
21
238
5
326
180
156
136
151
21
414
40
251
8
249
411
483
411
334
60
114
60
28
144
333
347
422
324
83
203
211
381
134
253
74
143
245
290
28
284
34
188
160
426
403
352
202
209
401
339
139
401
402
255
376
349
341
117
499
80
473
391
277
47
284
491
360
101
220
105
492
487
292
324
180
236
464
148
376
129
410
71
153
482
325
120
243
336
475
345
6
256
17
454
96
300
424
490
17
362
469
126
302
497
292
396
216
7
15
424
215
490
178
444
347
273
6
200
398
83
124
81
297
90
332
165
218
396
441
144
314
353
471
441
184
95
157
201
489
471
295
153
76
121
399
271
54
267
497
25
483
382
114
430
229
244
127
35
25
17
191
433
427
389
338
315
163
433
152
99
283
295
102
113
95
484
218
342
87
2
226
267
392
242
159
343
319
103
177
237
147
470
495
493
121
263
328
394
11
8
211
362
166
437
338
386
157
429
283
65
492
196
58
11
293
418
446
34
18
194
424
164
5
489
251
315
61
438
467
49
322
251
79
151
323
132
163
472
11
65
424
215
412
17
494
152
257
72
345
12
116
239
193
109
481
183
168
61
247
385
306
333
212
249
82
121
31
3
283
34
496
262
449
329
92
476
482
421
24
53
238
256
269
319
48
69
211
92
136
13
72
31
301
67
142
89
22
144
241
293
361
262
398
277
77
202
494
437
363
36
392
304
477
497
154
182
259
179
1
376
213
142
3
338
318
57
373
328
198
162
296
231
52
371
432
4
480
30
45
262
434
470
225
393
469
133
244
154
407
262
375
132
236
305
396
12
262
421
32
84
51
168
275
7
162
213
345
350
471
163
11
80
144
356
92
170
382
274
210
197
98
10
240
327
62
67
427
324
327
61
321
260
433
302
451
392
438
25
152
234
295
490
492
170
408
8
30
49
475
400
454
72
319
295
179
365
433
143
149
69
384
241
334
384
1
82
390
467
476
292
487
216
60
446
43
484
48
70
431
416
60
155
255
143
408
92
374
272
462
474
181
141
476
303
13
81
242
256
158
483
254
243
88
243
288
149
421
288
364
289
54
159
82
258
54
298
151
37
145
11
248
416
12
240
456
1
218
166
112
278
167
348
299
467
399
27
91
153
458
424
324
418
159
324
327
48
350
492
9
107
117
419
116
68
439
200
236
465
429
363
308
408
138
237
465
158
303
46
471
335
54
202
378
236
277
399
253
142
234
427
461
427
22
268
479
213
123
439
166
284
69
150
166
444
192
325
352
478
480
166
250
403
304
420
404
196
89
221
452
229
35
341
482
198
106
460
328
391
276
42
41
222
458
228
177
69
65
147
333
53
383
396
116
28
239
500
272
203
442
3
227
482
106
438
138
252
183
330
343
93
469
462
232
49
380
116
134
333
448
85
222
93
350
263
303
102
201
260
40
12
487
497
303
100
220
430
310
233
294
92
136
85
64
352
435
8
291
368
402
250
455
475
56
128
328
308
391
123
338
298
264
247
440
272
158
472
100
212
43
402
10
399
113
350
275
11
55
397
139
419
311
28
208
345
5
383
236
216
232
203
229
14
446
58
467
122
481
463
73
157
17
69
341
31
462
159
355
474
207
282
315
55
181
422
57
271
409
264
442
65
2
200
124
248
100
388
202
97
255
334
349
43
148
143
288
207
265
273
398
203
349
333
226
4
461
207
420
365
440
482
367
201
379
478
321
47
441
376
378
161
466
278
417
94
309
320
5
26
242
254
279
428
33
289
498
160
2
284
244
385
386
290
222
240
339
288
163
56
203
377
93
471
429
85
83
158
179
379
95
26
110
419
211
90
288
37
297
423
452
406
102
467
59
355
360
191
88
278
154
36
83
117
195
287
254
433
113
1
216
122
30
375
76
408
429
426
120
331
282
170
277
29
403
488
338
248
255
209
109
127
211
1
305
462
296
3
424
302
19
232
256
420
191
183
445
377
1
171
145
124
178
349
404
291
234
49
320
63
113
469
341
302
35
488
316
317
409
301
1
11
456
345
234
398
39
442
364
323
257
386
341
31
476
200
490
110
325
84
116
159
99
167
480
440
104
445
97
152
209
438
465
386
252
399
33
243
409
83
184
28
354
412
430
414
256
94
323
417
142
99
251
29
196
145
404
361
297
251
110
151
422
145
162
49
62
311
459
125
426
171
447
130
458
449
381
96
142
9
332
2
97
26
210
289
183
143
224
194
144
352
361
484
333
168
396
331
144
276
337
263
49
215
4
318
51
258
36
196
369
120
244
497
395
213
90
301
241
173
462
144
189
33
97
208
430
416
129
311
263
321
236
98
242
104
248
154
367
493
373
89
489
20
344
473
493
32
391
412
189
18
351
367
495
304
116
290
161
251
320
485
217
472
314
98
265
174
485
19
451
151
375
493
194
62
375
170
194
111
425
322
334
363
264
485
262
419
217
253
323
387
377
51
492
51
294
194
91
394
414
182
345
151
43
185
263
330
57
346
361
200
351
79
452
39
259
214
72
15
257
457
72
426
242
323
41
103
63
330
454
177
249
497
391
42
20
330
142
235
232
259
260
151
337
194
400
401
263
126
264
381
354
491
66
16
99
275
180
440
390
144
15
322
453
224
172
324
348
447
137
230
134
265
20
27
343
384
342
332
366
31
430
346
196
201
220
128
206
202
126
315
280
275
153
73
103
475
68
411
346
494
246
158
283
46
229
343
36
441
104
362
254
485
32
299
483
336
97
466
352
13
141
215
446
292
389
312
378
284
439
200
115
83
103
218
7
462
145
418
322
225
158
423
255
424
156
324
500
324
422
1
440
138
315
290
401
248
425
365
176
303
436
281
170
309
53
62
87
29
38
369
8
279
230
224
18
422
376
474
302
172
215
121
193
79
466
396
192
363
312
447
348
123
434
265
187
218
358
15
24
21
158
209
86
74
22
249
314
72
259
155
36
487
55
420
491
63
169
270
237
327
248
220
65
219
92
234
392
391
13
413
437
194
320
95
149
376
80
387
460
499
477
145
380
126
468
99
323
341
410
323
307
230
492
485
305
22
37
322
58
155
202
81
82
144
123
177
418
240
264
178
375
491
62
238
110
471
439
1
373
95
363
68
119
119
411
491
469
116
171
422
138
422
370
420
498
279
290
90
410
125
362
190
251
255
273
4
294
326
49
268
225
483
290
162
59
177
144
374
118
54
108
8
17
145
423
131
274
420
132
59
222
138
315
19
358
305
92
185
106
443
235
119
200
302
73
83
36
28
400
225
337
309
232
93
395
411
53
57
448
35
141
137
438
403
79
419
469
464
350
209
270
171
181
263
307
275
366
425
446
168
375
269
223
343
379
305
287
147
189
152
25
85
199
64
169
51
99
44
409
5
468
333
127
225
329
423
332
468
370
321
278
18
293
185
500
301
152
94
156
461
69
75
122
1
429
252
211
341
422
331
236
404
335
406
325
94
14
1
41
331
239
487
334
108
78
43
260
335
346
57
167
100
442
413
237
290
148
395
334
397
422
497
40
222
297
263
138
55
228
352
14
360
106
402
77
378
144
364
321
46
15
396
62
37
390
20
147
259
468
201
187
85
160
165
366
120
285
238
406
330
8
197
103
385
238
98
102
113
319
311
221
59
154
491
170
183
281
489
425
368
4
257
340
495
362
115
272
485
58
311
104
356
447
151
15
490
310
85
241
492
381
499
329
216
5
108
35
225
342
246
87
208
219
10
438
67
29
159
498
193
77
365
32
182
331
380
17
47
312
400
280
274
233
436
84
397
495
225
168
85
360
269
361
100
386
378
493
329
162
141
274
491
499
87
132
500
401
385
272
385
75
277
306
100
192
86
360
466
293
487
429
6
4
432
82
325
180
486
292
268
125
65
241
5
301
477
433
284
243
406
292
76
422
445
188
422
410
53
455
345
493
286
30
266
277
476
214
476
394
24
431
318
119
342
5
373
24
492
112
74
296
455
26
351
449
51
166
64
417
399
203
204
429
462
163
14
90
99
490
433
278
231
477
482
293
167
312
3
147
311
192
368
493
476
64
139
426
206
81
394
287
78
212
285
99
131
259
230
461
180
188
466
4
10
254
75
473
20
352
458
83
229
355
147
19
118
468
235
327
161
219
137
437
3
233
348
234
142
364
309
342
122
23
464
257
156
256
86
18
291
180
463
300
167
385
29
204
152
236
84
478
99
287
299
40
229
142
242
477
153
141
280
66
318
167
283
453
223
176
178
302
32
274
40
66
320
236
34
29
495
376
198
340
60
7
226
69
272
58
99
191
337
7
136
424
250
395
227
74
500
74
300
317
328
204
262
326
421
223
491
268
371
121
198
410
490
346
283
471
39
81
158
397
206
379
295
362
205
354
149
137
131
157
434
408
304
439
141
191
127
337
60
248
92
256
474
247
412
357
158
452
400
156
205
331
71
59
193
308
119
457
175
283
341
193
458
127
245
273
136
67
44
190
376
234
462
79
478
129
220
156
296
404
370
60
152
128
114
235
487
122
50
407
60
493
303
47
143
212
347
370
282
395
361
80
329
448
314
482
138
326
108
19
447
440
423
18
225
131
98
113
399
169
267
339
165
430
117
337
269
197
99
449
451
28
117
185
462
199
161
161
395
6
113
106
355
71
431
439
289
324
190
171
171
18
475
89
54
398
422
226
368
141
273
79
239
225
97
377
490
149
482
442
372
263
287
309
56
492
228
285
293
396
419
37
157
271
152
91
228
441
135
328
88
481
58
107
468
271
344
164
455
200
126
247
159
266
496
224
313
5
295
53
342
418
250
492
29
6
27
398
473
53
303
246
193
19
308
211
321
228
299
262
498
3
346
170
232
42
343
250
167
61
75
394
390
158
294
106
119
360
166
325
337
17
95
231
175
23
414
75
104
302
70
279
254
101
454
188
486
375
214
313
121
429
411
349
63
11
131
483
377
221
196
218
233
376
407
470
498
460
310
187
125
343
323
39
383
187
103
492
409
338
449
212
444
488
107
214
104
61
264
149
455
58
150
352
165
19
98
493
467
353
96
273
204
464
296
18
214
490
195
447
362
440
143
93
99
148
121
27
444
263
202
51
427
366
431
450
83
396
354
213
218
258
287
340
308
290
443
416
18
293
411
169
500
408
66
49
300
392
371
187
396
254
160
188
116
245
412
326
357
362
166
83
338
375
190
358
303
328
196
347
412
64
369
238
309
89
210
342
193
441
177
185
482
285
386
366
60
100
151
159
380
138
445
384
109
275
406
58
348
462
360
153
378
222
406
29
271
479
463
248
160
56
326
473
370
281
120
77
98
460
240
384
294
405
255
133
370
258
453
360
392
81
129
350
415
21
482
169
153
370
405
36
250
448
256
451
450
25
169
2
82
434
268
214
345
16
174
123
17
334
16
424
316
316
222
194
311
67
215
118
422
138
231
61
232
325
370
84
32
470
110
142
212
282
420
286
358
341
274
79
114
328
326
326
184
420
158
371
43
452
38
380
285
137
297
491
278
61
474
134
159
167
122
75
499
117
195
426
337
226
241
446
141
110
157
359
134
260
137
316
302
14
477
332
353
229
297
151
266
489
342
31
61
329
434
327
348
228
250
53
196
90
98
301
359
455
454
459
379
440
65
153
138
229
62
184
431
439
53
500
212
319
403
357
221
12
410
387
274
30
369
191
110
133
73
384
301
18
81
258
347
48
189
263
239
222
353
62
431
234
443
228
324
181
51
461
73
429
249
328
237
140
57
115
491
184
82
265
395
448
199
258
432
26
366
477
325
401
106
211
415
419
448
479
182
294
87
199
321
376
314
66
100
74
260
127
89
162
336
122
201
108
264
134
385
169
453
390
177
222
44
334
255
172
320
197
44
262
281
297
386
300
86
238
222
75
209
443
221
166
81
161
281
443
156
160
315
243
325
307
282
77
273
45
427
194
385
103
277
485
57
338
478
477
242
205
162
62
390
220
124
192
452
141
193
451
425
260
329
237
14
305
107
304
306
451
421
486
463
290
408
213
312
381
287
322
360
185
21
200
137
196
430
473
463
46
108
294
170
182
285
227
475
428
1
324
228
365
285
253
412
449
310
205
347
192
310
326
247
3
402
108
350
462
267
443
114
360
50
31
37
303
179
382
479
4
216
406
468
130
287
432
306
213
3
28
435
114
294
112
391
475
493
177
343
357
489
330
126
485
268
466
348
56
149
76
127
86
59
51
215
86
205
345
231
135
86
473
8
54
306
120
42
407
285
21
312
489
28
368
302
273
225
137
347
474
116
141
493
19
160
8
443
145
242
475
202
284
291
102
468
96
428
416
414
230
403
56
424
378
367
140
11
188
217
420
79
376
31
238
390
131
380
406
73
2
64
370
219
465
165
409
127
241
82
127
15
251
69
193
46
227
147
43
299
93
116
255
389
161
270
350
258
52
324
21
249
468
466
173
432
72
373
122
268
267
472
500
99
32
188
167
80
317
391
376
121
157
240
10
47
237
135
406
184
155
1
161
250
424
163
270
443
61
129
117
338
225
155
85
245
397
62
488
438
28
357
60
204
392
339
454
500
72
487
29
42
121
89
178
20
408
201
72
226
44
253
460
253
47
240
43
64
60
223
11
134
482
15
471
32
318
219
369
247
372
11
405
258
134
339
106
322
319
500
417
175
14
348
80
343
284
205
85
20
377
397
138
3
313
150
414
453
240
484
279
339
378
91
281
203
196
98
424
24
253
15
96
276
196
107
60
411
476
344
23
392
232
87
145
46
66
86
206
416
169
399
303
3
296
324
85
205
69
455
440
4
456
29
8
406
16
243
53
423
135
339
464
348
33
290
128
400
212
42
396
330
348
388
142
396
349
150
176
197
343
22
307
179
411
65
437
253
202
45
330
320
360
456
111
148
348
327
80
430
295
107
104
48
419
150
179
478
448
115
210
477
126
322
158
168
42
428
453
364
5
57
446
456
76
362
200
475
156
310
90
450
203
341
485
482
205
399
214
14
499
247
143
100
362
325
369
67
48
367
445
320
50
381
35
162
401
75
59
389
228
226
168
68
63
5
320
329
125
236
317
197
326
71
349
399
275
88
446
361
363
365
266
30
307
114
224
433
130
35
294
403
129
145
193
151
258
409
232
440
224
138
312
401
225
238
365
118
431
31
37
451
233
56
19
153
187
394
184
240
351
296
95
188
350
65
491
426
76
395
28
297
337
79
381
55
135
286
267
188
435
341
69
316
428
262
454
149
271
89
290
471
182
349
170
401
64
364
32
192
477
431
161
129
376
270
293
146
446
22
162
107
243
487
11
290
73
159
500
449
152
96
423
491
139
69
307
141
498
393
256
171
490
347
320
144
237
26
267
340
421
31
315
467
110
379
261
471
106
65
412
252
415
274
380
331
121
283
57
24
447
185
21
471
232
179
149
387
338
264
443
236
247
308
389
86
150
131
159
254
359
354
57
449
226
498
424
2
23
470
42
389
397
291
182
185
53
152
86
231
279
113
496
242
215
18
323
280
32
471
120
483
267
1
310
169
64
341
450
433
480
77
388
127
279
242
283
108
307
277
325
480
127
163
365
72
16
377
322
253
299
257
402
240
203
240
83
450
64
375
279
31
225
466
287
132
353
135
391
82
245
84
412
107
328
330
107
374
173
163
485
110
303
127
491
245
427
355
482
41
492
107
73
373
79
489
182
383
210
346
39
464
39
468
456
114
243
349
378
481
87
348
49
2
278
278
112
391
180
98
80
319
343
30
384
15
70
178
70
143
399
364
302
221
421
171
469
19
307
391
41
285
218
355
258
390
31
359
365
400
382
225
323
341
62
304
320
435
163
69
442
293
186
256
499
152
459
379
337
459
314
307
397
237
381
446
364
438
254
498
494
104
470
162
55
13
396
63
338
90
131
149
341
284
429
248
16
226
448
455
403
432
330
495
38
474
178
223
245
25
474
449
265
356
353
295
174
388
365
342
161
109
42
421
42
211
87
441
256
58
432
287
188
154
228
392
331
70
44
267
153
391
113
370
485
55
496
382
406
91
358
134
326
105
369
107
368
22
345
148
213
497
348
264
225
43
348
92
24
409
427
395
88
400
182
215
135
307
125
96
213
362
363
72
348
109
235
465
118
348
371
349
172
352
296
383
34
331
282
91
473
189
89
42
289
433
101
267
137
205
65
189
316
232
305
230
16
139
270
235
129
448
193
286
36
229
436
471
203
297
286
152
2
43
29
270
361
404
135
276
236
240
189
276
351
318
29
57
310
383
107
210
459
298
207
167
271
6
6
41
108
128
315
297
384
292
39
404
19
397
465
245
15
325
11
260
143
248
392
429
444
16
489
432
197
286
305
9
487
425
467
265
252
403
186
428
445
323
375
283
459
438
382
318
32
458
382
361
114
205
488
333
39
134
13
14
396
47
125
93
130
311
272
80
230
204
357
65
294
85
63
153
356
384
96
311
81
3
333
288
307
102
496
168
409
320
490
83
134
414
439
55
315
415
267
412
323
348
346
220
183
216
323
167
486
437
186
358
82
93
25
24
41
379
155
178
487
331
436
353
197
493
150
97
269
387
202
32
207
252
262
384
484
295
121
23
471
287
164
186
90
167
337
242
187
423
358
6
361
412
186
320
385
376
423
320
408
368
382
26
298
413
465
146
298
215
344
220
151
380
164
13
432
121
69
347
72
120
380
375
450
230
129
84
452
459
443
189
39
207
438
406
216
21
353
439
182
187
102
445
82
304
263
72
475
95
277
137
7
22
222
392
293
443
79
291
160
402
291
119
182
309
216
329
376
192
275
403
9
360
155
74
155
310
422
261
4
377
230
93
438
148
85
480
466
384
255
210
468
206
447
184
19
104
303
455
201
328
61
380
448
79
465
314
344
451
52
416
244
435
494
296
226
406
472
430
130
374
402
424
334
419
425
457
472
137
169
420
466
103
190
32
69
254
367
456
80
348
205
211
487
73
135
465
51
138
406
85
197
162
27
151
157
457
22
468
400
293
437
441
260
71
67
84
73
361
380
257
242
81
392
180
365
216
57
120
434
294
281
142
123
487
260
194
331
69
200
292
425
136
280
41
77
405
442
188
150
73
121
455
284
207
28
367
228
312
457
375
397
233
334
85
327
265
350
4
430
404
88
262
380
383
438
401
35
251
441
423
460
4
369
395
480
398
491
101
161
369
406
348
236
136
243
238
236
404
270
386
17
224
116
301
386
495
368
340
210
216
225
404
237
89
230
291
291
210
323
392
122
105
60
207
426
64
354
446
449
239
462
311
81
228
264
389
51
396
7
412
106
480
282
30
22
82
446
109
370
473
40
460
198
237
490
329
148
123
21
379
37
99
199
365
91
4
446
145
293
320
173
139
245
26
331
352
18
182
319
74
177
306
77
377
2
384
138
89
441
264
88
465
455
492
72
323
185
113
12
41
293
278
81
357
379
5
362
63
70
283
259
307
228
260
357
347
176
97
407
281
483
207
480
442
91
419
109
338
476
288
376
237
67
152
493
199
335
214
295
117
274
353
466
78
466
82
475
102
34
20
357
150
490
484
433
40
430
311
5
268
485
264
274
42
165
418
481
190
477
215
264
472
203
429
227
192
258
110
26
427
320
168
47
63
246
115
336
287
349
94
495
120
206
233
140
4
499
484
329
484
298
62
33
455
269
246
344
498
18
283
38
307
100
338
490
292
256
405
206
437
38
375
336
117
283
419
114
115
291
164
48
204
132
164
23
261
199
487
185
21
448
289
41
204
270
134
234
435
22
365
288
24
40
257
426
400
324
288
168
155
146
271
24
429
1
272
483
63
143
157
360
221
418
326
263
453
196
132
68
451
448
260
278
49
419
274
38
345
331
368
360
146
254
336
285
291
73
83
267
260
406
87
23
377
457
493
441
289
474
155
360
328
367
281
167
276
58
456
187
8
263
212
219
446
216
451
402
205
258
481
248
343
300
55
296
92
373
312
267
492
318
183
10
369
193
343
220
169
73
19
117
201
219
467
243
454
488
243
500
217
419
395
356
386
132
40
324
431
7
362
454
163
74
383
34
108
199
9
70
444
357
173
417
181
246
87
30
448
463
461
411
484
216
279
233
168
302
95
448
176
95
49
426
126
355
270
270
351
422
32
443
250
253
65
257
474
272
153
36
49
165
200
441
376
69
232
26
409
38
349
9
209
274
496
138
445
303
481
215
340
187
33
4
475
340
338
253
323
169
334
449
307
77
246
264
204
248
221
289
147
254
132
271
25
196
61
15
81
478
190
476
40
266
296
335
175
357
321
456
254
433
461
199
407
88
42
443
67
92
451
26
220
25
226
476
359
279
474
20
157
369
134
358
56
147
191
26
129
247
342
466
278
497
231
81
15
72
284
76
336
343
344
350
393
200
240
16
448
77
107
347
366
32
272
70
173
445
219
406
21
320
167
171
204
160
39
16
229
82
139
63
251
118
150
263
94
127
110
238
413
277
364
237
488
350
67
54
19
424
188
383
241
51
59
108
92
152
426
425
173
179
91
7
150
495
183
76
285
12
227
369
268
320
196
419
42
424
392
449
356
156
8
426
320
498
472
455
319
312
163
238
206
381
412
226
321
230
180
437
455
400
182
68
54
149
243
179
61
83
62
168
492
291
115
154
485
344
356
145
278
403
452
18
258
236
249
405
479
97
287
496
237
279
147
99
95
78
101
48
487
19
490
107
323
467
16
67
335
66
105
101
197
42
255
220
291
23
351
361
367
352
166
186
148
315
376
137
384
291
212
125
199
55
470
479
497
334
464
388
149
229
110
104
84
260
247
71
388
78
409
442
485
327
233
141
460
201
323
190
90
464
379
12
160
26
84
272
203
207
252
42
315
405
456
280
301
188
396
68
459
240
28
45
440
141
17
225
194
146
401
153
189
8
409
388
191
294
231
327
86
345
140
248
388
213
226
212
256
362
165
115
85
430
317
258
425
43
144
195
233
475
353
486
227
444
380
194
369
387
288
51
288
354
398
248
267
492
447
182
227
161
342
273
474
347
113
139
320
377
448
486
67
363
254
8
200
399
28
454
54
258
386
246
108
212
482
149
1
92
149
33
306
365
493
139
48
294
322
100
418
172
203
125
161
190
135
331
63
227
269
217
36
175
324
68
296
428
328
404
219
293
51
158
470
338
41
353
155
130
390
436
280
356
488
261
450
22
234
410
365
256
333
121
305
229
94
109
468
312
275
401
187
348
381
115
276
339
468
228
408
342
397
463
208
100
168
330
449
215
375
212
3
156
37
89
460
477
42
105
139
382
117
194
487
153
306
361
185
454
147
499
142
244
275
294
351
278
5
339
7
152
461
29
110
444
173
143
221
199
147
268
398
395
267
346
320
36
500
124
5
155
291
209
4
306
152
230
430
62
391
277
162
90
107
395
62
96
21
345
87
289
432
243
186
492
63
405
440
184
330
383
460
487
37
209
161
98
325
282
91
137
211
151
146
151
387
140
109
301
498
367
106
264
488
193
221
484
184
2
206
176
170
489
391
374
144
288
141
369
349
315
380
37
327
145
492
419
209
68
135
328
415
181
273
404
140
3
31
247
200
72
264
159
338
399
74
56
327
430
291
246
261
318
347
116
187
407
285
176
317
255
43
25
376
376
58
14
223
115
118
257
246
203
354
140
159
43
164
143
205
191
362
56
421
300
273
133
58
460
23
256
415
481
261
438
288
101
50
307
488
485
255
238
314
112
233
402
156
308
268
304
385
204
225
279
481
310
21
472
392
237
117
28
420
273
374
61
8
131
234
423
139
165
391
444
182
239
239
50
358
159
143
77
162
307
206
122
482
80
14
479
303
242
500
500
335
89
386
207
101
56
391
60
483
11
197
55
457
471
467
177
241
371
10
297
349
300
44
217
72
298
338
430
183
335
378
50
249
115
102
500
241
105
116
240
219
16
229
212
248
494
72
161
290
396
7
159
231
324
482
447
350
499
465
119
434
143
90
284
467
190
135
3
219
82
476
196
338
264
216
168
465
262
203
80
189
351
256
405
142
363
474
395
333
91
110
74
329
95
108
13
253
364
39
461
88
434
275
380
159
19
476
63
239
95
57
257
131
135
61
126
171
375
27
421
55
494
204
398
494
85
150
364
213
66
70
172
430
444
460
108
484
428
457
328
472
404
60
428
258
161
224
202
488
47
157
359
282
414
1
235
24
255
424
7
292
412
67
487
242
47
138
314
381
352
396
216
7
40
167
38
223
225
497
359
300
173
478
342
360
234
298
358
211
407
494
13
399
125
461
427
458
274
234
442
88
330
117
450
427
266
302
153
379
493
149
351
427
162
414
253
180
40
294
385
409
36
276
333
157
92
410
433
87
314
254
458
49
154
436
4
477
352
402
12
91
117
164
273
8
159
34
300
275
261
63
122
14
497
154
408
283
38
51
238
482
213
195
485
67
81
211
5
109
304
107
188
174
470
60
494
329
311
12
212
40
440
156
25
80
283
222
395
83
327
394
360
224
184
59
68
88
166
495
261
159
209
57
387
458
11
333
214
277
135
220
69
73
131
332
291
49
441
152
25
80
386
319
226
147
53
9
58
105
216
337
414
140
206
330
363
472
278
35
148
415
31
430
248
147
417
405
75
111
106
186
86
264
263
218
420
474
325
140
127
195
375
187
216
168
90
489
461
261
493
461
340
192
408
158
1
303
55
223
329
192
159
259
25
468
295
248
51
85
375
378
404
169
333
442
435
7
29
270
289
321
310
476
90
266
437
123
149
70
247
271
268
62
19
231
183
369
415
216
252
405
266
4
238
359
154
108
381
240
415
381
9
165
175
457
19
460
432
330
413
309
37
399
459
70
47
266
147
111
78
88
303
425
190
305
81
22
236
88
57
71
339
435
256
7
310
367
251
342
356
287
361
181
325
169
38
2
84
316
234
58
307
123
371
339
37
342
9
373
397
101
441
242
185
7
180
80
337
448
218
425
447
340
480
244
18
338
49
71
115
247
98
169
377
127
392
313
82
358
351
240
76
216
386
86
356
309
117
70
8
44
103
500
474
130
383
170
298
457
411
20
49
71
454
499
109
341
56
374
308
294
454
350
169
23
148
194
122
500
381
179
71
46
391
83
118
186
124
88
15
98
7
364
133
324
444
321
302
449
440
426
344
440
71
230
488
415
40
215
91
115
183
316
262
461
56
3
474
130
157
57
212
207
397
242
488
54
109
381
281
207
245
394
34
213
373
243
339
9
209
279
310
117
174
408
414
111
371
97
180
20
405
158
263
81
166
411
267
437
2
271
74
207
173
487
126
50
85
242
235
182
38
42
487
83
114
337
201
451
342
43
175
306
460
213
149
468
379
347
443
22
412
431
213
255
421
91
92
436
249
354
224
238
176
363
338
2
162
6
496
17
264
313
74
419
412
130
351
300
180
486
220
102
227
272
163
384
306
282
67
52
112
385
348
195
189
94
62
213
303
24
364
497
409
252
176
482
292
372
370
35
3
80
66
197
410
430
366
483
8
473
420
46
136
354
228
200
339
10
437
455
382
21
174
422
333
278
90
146
153
51
370
144
413
187
377
183
107
138
428
59
442
175
442
437
139
147
266
71
485
350
46
46
276
83
340
495
312
217
494
52
267
147
452
208
72
273
257
27
377
228
411
119
256
388
164
135
52
300
484
458
115
495
123
195
192
321
181
28
396
252
8
417
447
355
47
146
328
455
438
157
49
258
264
176
453
122
300
93
311
405
477
137
492
261
25
423
77
51
412
19
100
1
206
247
4
49
435
65
433
355
306
455
203
259
371
386
135
32
312
77
366
143
496
419
440
323
335
128
167
115
258
347
209
225
239
169
314
380
391
242
379
89
66
375
275
115
232
305
378
190
105
67
321
442
158
194
238
262
79
255
157
311
192
89
213
152
91
398
22
496
455
222
368
372
31
186
287
58
260
270
226
470
339
285
193
255
275
95
157
240
80
111
488
465
299
471
364
433
461
320
364
382
327
46
400
258
25
335
206
300
210
411
312
69
377
334
301
467
316
283
105
293
425
286
271
109
265
435
365
222
265
206
121
335
389
103
489
497
425
448
423
277
227
281
109
148
345
483
280
433
485
370
411
255
69
217
329
303
492
335
174
376
266
43
189
52
345
108
500
22
319
440
359
29
26
117
295
92
331
58
213
125
430
450
221
308
54
361
363
68
332
261
441
285
328
3
283
355
496
202
122
54
290
262
197
198
193
223
256
411
197
470
399
423
78
268
34
150
361
5
251
449
457
481
67
328
297
24
256
31
132
182
449
344
332
267
235
155
106
474
204
246
22
362
238
16
88
9
347
296
378
191
460
204
345
15
386
447
3
22
55
303
55
350
203
26
381
205
372
250
493
456
422
18
169
384
241
434
440
214
440
499
2
278
93
120
391
328
475
357
391
230
291
424
221
494
70
107
475
336
208
187
105
220
140
190
479
91
170
207
133
315
272
295
362
116
58
443
152
151
90
366
274
157
443
398
10
483
166
74
44
178
281
26
17
167
31
158
83
469
299
147
29
304
15
181
166
355
360
452
204
431
224
338
214
176
179
320
124
3
129
129
318
370
418
306
57
53
327
270
351
81
302
253
299
21
201
406
174
374
19
136
135
396
289
266
27
235
305
349
104
403
333
52
361
168
218
298
352
128
73
464
450
341
264
243
15
68
5
398
295
336
116
14
160
254
428
474
410
192
344
302
477
173
229
180
236
62
160
378
11
389
493
36
45
418
321
210
352
350
145
309
316
367
458
71
354
14
447
452
196
278
234
371
26
48
308
24
287
18
330
31
419
468
490
30
110
253
416
405
423
238
411
190
242
364
374
322
22
431
376
303
235
183
150
468
182
232
196
496
51
345
277
471
170
136
267
255
370
211
195
147
235
358
315
283
274
423
132
497
184
76
150
327
397
268
456
196
48
253
365
276
292
189
1
399
115
438
70
427
371
358
12
346
271
10
374
450
407
394
485
356
189
32
423
220
201
400
283
442
42
440
474
294
165
150
49
371
37
451
66
431
171
354
69
168
201
200
8
215
151
63
336
129
456
218
496
408
70
414
220
95
167
22
336
337
500
27
252
304
456
171
334
217
155
481
177
313
212
312
71
439
382
456
33
75
336
331
382
493
213
202
147
393
406
358
10
289
210
180
80
97
51
13
490
313
477
291
147
424
463
394
2
119
313
269
288
173
101
417
487
339
125
419
182
389
245
287
9
489
332
29
124
386
215
454
430
470
131
380
297
114
174
72
103
305
92
424
219
434
58
69
417
272
216
325
254
48
311
107
150
213
183
168
198
417
229
284
207
421
137
284
91
128
327
90
443
152
26
247
21
337
287
246
417
410
73
242
304
466
150
177
12
287
146
109
74
45
64
493
21
279
362
10
405
124
3
476
385
92
429
278
257
396
7
220
426
114
330
145
111
212
116
142
29
322
86
149
335
362
307
276
348
52
462
176
408
75
336
332
239
130
97
195
278
345
61
146
264
69
177
368
240
299
396
285
206
73
377
362
360
449
213
172
178
278
444
293
78
307
99
245
39
265
402
373
264
453
34
259
440
489
491
445
116
278
151
8
458
421
70
219
426
246
381
317
395
300
365
158
340
151
409
328
447
41
19
65
396
459
489
192
84
442
85
69
227
456
286
430
77
489
176
330
439
57
53
329
267
152
143
382
323
228
61
388
281
216
271
202
147
137
332
425
9
305
95
180
444
245
350
114
318
372
75
310
294
176
45
316
74
74
3
36
254
354
484
210
167
63
106
331
201
486
299
354
394
344
475
174
475
122
49
424
122
498
55
271
351
132
295
12
346
158
41
427
467
71
325
477
317
287
190
162
498
39
72
487
93
416
136
243
439
235
396
496
449
115
469
444
43
71
37
31
243
108
418
494
38
307
157
305
432
78
135
256
399
302
18
267
69
298
192
331
63
110
482
341
246
396
23
417
111
253
110
251
47
138
173
337
52
153
307
411
228
280
345
322
482
321
49
12
454
142
347
229
7
7
364
77
41
181
188
8
450
177
374
328
285
482
173
361
485
274
321
398
94
190
489
154
462
363
115
494
232
50
392
276
319
379
92
276
149
328
230
250
102
336
271
321
475
37
170
52
221
440
40
176
364
478
100
184
229
234
317
127
46
281
341
204
4
474
352
443
25
208
379
16
353
85
495
457
498
132
499
376
187
179
312
496
223
238
297
160
23
219
142
294
140
81
181
94
224
49
236
118
216
304
107
257
467
147
295
8
93
415
396
303
113
63
320
118
233
157
133
455
224
136
333
287
406
131
253
467
126
216
135
101
463
456
41
374
42
239
402
306
483
372
433
455
424
115
43
97
490
313
72
492
268
35
372
384
80
130
256
490
290
415
261
308
409
215
3
204
492
319
79
373
116
466
93
382
248
335
339
203
394
101
79
305
196
2
98
40
43
497
376
318
303
500
293
245
441
327
163
146
151
462
299
178
39
404
456
456
57
364
149
455
61
274
353
216
319
102
442
209
258
202
44
52
459
466
144
111
157
347
331
397
5
363
46
22
397
30
19
402
425
262
333
288
344
121
168
141
12
442
296
293
330
215
309
324
86
289
359
25
455
373
364
323
47
463
237
47
51
338
137
442
417
414
126
343
490
262
349
17
133
356
494
206
188
88
347
15
491
398
134
379
249
401
205
449
262
193
280
367
325
115
89
70
105
63
220
381
413
69
369
365
65
220
435
76
395
160
89
82
40
266
460
313
306
316
40
81
225
357
247
329
380
205
273
451
196
469
473
322
102
216
73
459
388
390
314
65
83
381
477
29
353
132
393
318
218
1
84
46
339
130
174
394
209
404
17
446
306
187
239
410
148
351
27
144
167
265
489
312
11
269
340
486
134
343
451
463
487
67
495
57
190
181
489
147
256
472
28
259
337
473
330
3
394
392
489
254
376
474
471
4
248
488
401
425
113
325
134
248
242
219
407
211
24
427
63
429
170
277
455
213
495
321
93
488
213
449
8
175
437
189
36
76
486
51
406
494
130
178
66
82
78
235
91
103
356
406
386
96
167
60
78
147
426
116
121
317
415
373
148
24
391
65
463
26
469
149
379
479
328
391
266
379
24
82
240
72
203
280
369
402
35
326
132
441
475
415
86
178
271
428
336
450
192
301
401
366
56
105
498
392
478
193
46
293
132
145
382
63
434
458
269
7
249
359
244
164
79
356
195
277
167
89
333
71
122
328
353
188
402
451
106
178
434
14
29
66
191
93
412
126
256
346
241
112
224
367
500
351
275
190
270
259
380
461
335
22
339
125
295
366
271
134
331
58
201
87
292
4
69
357
257
29
319
227
14
215
180
243
140
396
339
435
463
244
485
331
194
141
42
150
411
369
466
344
352
486
140
163
140
81
178
245
158
5
445
256
193
496
142
460
370
83
46
160
79
493
380
336
268
270
266
413
458
214
392
465
266
234
289
355
497
168
64
175
82
114
487
89
186
325
64
85
310
229
61
390
43
196
437
265
394
188
299
154
255
31
234
158
103
108
316
109
430
379
123
36
258
242
306
132
251
393
71
421
54
462
447
141
474
389
286
478
482
165
230
163
297
264
275
59
449
283
90
298
290
53
441
171
338
213
380
417
178
475
331
273
369
117
305
72
398
490
210
453
246
142
110
215
492
488
321
115
202
261
384
441
486
357
258
487
180
35
35
103
86
307
55
340
5
261
36
272
80
467
179
461
44
37
251
133
26
356
267
30
454
461
199
45
377
8
61
192
263
269
299
100
351
103
118
228
144
344
227
162
479
127
500
361
356
173
143
478
355
170
276
349
489
431
210
79
292
128
296
153
219
17
386
320
159
178
300
96
460
469
163
29
331
28
94
25
383
336
499
358
312
77
93
158
421
180
347
64
179
223
212
382
494
42
297
55
177
214
167
416
315
295
467
184
360
22
404
382
264
456
419
371
350
388
474
418
441
146
491
293
369
282
323
144
136
14
57
473
361
141
57
372
76
56
358
240
107
416
414
92
431
406
188
163
407
29
250
410
200
275
299
179
477
3
1
195
204
372
65
247
376
143
211
367
55
216
43
22
388
265
311
345
79
439
193
121
392
104
5
322
313
239
152
217
416
151
190
138
303
319
80
304
153
297
13
171
77
237
224
100
377
285
257
281
265
240
466
182
299
97
393
449
487
268
234
86
48
27
247
410
245
443
324
201
61
324
367
185
171
483
240
439
313
391
294
37
129
107
350
272
446
190
65
19
280
113
228
364
450
78
405
394
338
453
214
125
208
477
187
333
388
241
326
188
336
365
370
422
244
256
301
371
342
209
231
153
472
133
144
370
309
116
366
150
291
52
218
19
373
50
26
73
243
368
1
85
438
142
495
213
92
250
294
198
170
198
345
437
76
7
264
141
446
179
17
275
252
429
335
333
50
8
316
47
281
71
81
484
51
226
17
76
155
55
379
26
406
108
412
132
469
66
222
18
456
499
267
391
472
374
203
396
128
246
244
339
269
302
315
19
252
232
23
116
144
223
338
119
53
125
425
494
137
262
199
370
481
111
14
255
85
23
327
423
194
476
247
372
12
279
150
380
98
47
371
47
347
191
489
295
9
112
420
239
66
246
250
435
104
77
238
487
21
225
437
135
454
229
132
418
299
141
114
223
78
119
339
489
97
217
96
117
56
180
163
111
237
87
257
294
370
338
212
440
46
35
470
10
289
494
326
246
465
220
331
200
202
376
404
396
377
433
418
199
467
383
459
92
262
102
495
461
430
191
343
176
413
332
173
161
430
475
245
384
83
436
157
117
206
261
148
94
37
24
373
152
254
43
85
228
133
323
342
104
310
394
140
83
158
58
335
337
258
470
292
10
287
327
443
215
382
401
280
462
148
35
336
141
26
191
349
83
107
80
95
387
311
387
304
103
3
92
145
43
231
385
477
468
206
193
423
75
39
391
293
225
470
300
54
78
478
141
275
319
205
211
425
444
21
150
439
98
396
239
170
297
436
366
166
413
36
372
223
154
85
214
241
375
52
499
192
429
7
182
412
399
344
405
450
468
467
178
399
330
169
347
463
500
266
53
448
72
230
140
3
439
233
276
141
224
456
333
499
157
449
404
269
412
93
156
435
434
381
82
247
76
327
51
293
443
216
470
139
138
316
233
214
229
334
75
2
71
106
338
103
284
446
139
369
33
48
353
115
441
99
316
349
358
453
141
3
425
318
27
396
286
336
497
489
39
335
486
476
500
257
307
429
77
429
36
441
98
343
492
150
182
75
32
90
304
251
52
485
9
184
158
469
312
419
160
154
139
361
180
138
305
98
349
243
362
235
254
223
306
270
10
192
40
32
53
210
135
199
488
295
396
188
78
67
402
465
234
365
203
425
159
388
38
471
69
318
463
350
282
398
51
43
249
89
302
229
478
276
274
343
157
376
423
262
163
363
22
468
38
371
96
255
424
478
175
224
371
234
266
263
388
154
373
172
41
213
10
356
407
264
79
198
142
418
193
330
463
107
432
455
345
399
278
258
264
167
421
178
393
286
401
464
186
367
41
468
419
401
426
54
296
281
205
292
396
338
321
349
334
376
331
54
157
169
335
98
170
494
128
231
56
39
63
52
338
411
250
174
456
39
127
63
430
405
88
323
357
386
313
497
195
448
120
186
105
30
139
404
372
189
343
76
248
486
444
479
367
89
454
217
221
256
224
486
28
146
55
444
189
375
66
462
411
296
295
380
473
222
129
106
10
192
482
55
129
350
299
406
106
197
320
89
372
248
208
190
470
39
59
174
155
40
489
379
304
207
462
217
345
263
214
387
417
312
124
126
62
496
133
201
274
206
303
353
364
233
417
324
148
359
38
438
103
15
260
374
283
36
478
398
378
463
309
271
37
1
439
464
162
480
15
45
161
68
353
268
285
22
131
462
442
463
401
219
92
442
198
245
104
70
218
431
208
57
489
326
463
260
227
187
486
212
13
174
460
154
244
48
319
219
292
375
324
254
138
352
124
200
264
259
255
28
465
453
463
474
275
1
104
165
100
198
331
254
262
246
205
313
23
238
329
44
348
428
87
268
53
429
22
261
186
82
460
183
429
170
422
217
33
78
471
20
272
163
165
235
147
322
344
55
95
220
76
288
221
93
190
395
128
340
417
173
210
327
318
107
383
423
282
379
15
261
93
136
485
108
186
398
119
488
439
356
421
343
47
382
403
104
242
217
500
427
366
165
477
235
54
45
434
381
62
281
8
376
61
230
54
141
498
264
132
87
478
102
349
176
419
101
173
217
103
472
82
274
97
376
19
471
409
409
411
357
123
232
120
212
182
459
43
300
417
430
205
88
330
138
69
387
150
385
444
114
107
146
286
120
374
213
390
52
146
399
383
251
317
417
185
472
282
68
56
28
404
484
113
71
310
457
190
249
185
292
230
416
418
187
393
386
491
333
413
401
181
255
299
118
267
410
296
356
108
169
169
271
118
52
196
344
376
10
442
269
292
70
242
331
5
349
30
345
391
247
57
20
345
120
254
355
256
309
462
273
375
144
467
198
94
461
302
179
451
136
9
443
30
360
106
426
246
150
287
404
406
48
436
292
266
46
382
24
260
1
386
170
431
175
224
54
52
40
344
176
369
126
477
132
327
16
207
16
153
471
444
11
125
276
435
407
374
107
370
290
91
47
378
489
41
393
195
129
327
29
491
255
443
403
419
70
198
60
159
191
225
263
340
197
391
388
464
416
40
153
98
488
174
197
381
252
306
158
44
357
421
133
485
266
165
332
92
494
78
251
400
457
424
396
348
233
411
374
327
403
331
174
410
317
445
22
130
267
201
461
385
42
184
182
70
227
22
157
271
395
285
292
408
7
281
116
492
416
7
479
226
291
393
305
500
156
375
183
435
460
242
454
461
203
124
428
63
195
447
56
200
398
105
146
50
116
116
142
182
480
476
67
389
262
460
440
432
5
118
313
86
334
270
100
435
47
330
463
39
245
384
327
171
270
4
493
49
160
397
375
67
131
90
96
316
315
488
483
276
53
287
30
385
51
371
451
316
70
31
263
141
91
489
198
227
45
465
301
74
262
213
246
27
210
207
225
156
439
414
219
380
369
350
77
303
139
414
54
7
278
277
357
26
321
450
259
492
282
451
27
469
64
378
174
280
474
18
49
208
413
34
310
259
219
159
